1 2 3 4 5 6 7 8 9 10 
2 3 4 5 6 7 8 9 10 11 
3 4 5 6 7 8 9 10 11 12 
4 5 6 7 8 9 10 11 12 13 
5 6 7 8 9 10 11 12 13 14 
6 7 8 9 10 11 12 13 14 15 
7 8 9 10 11 12 13 14 15 16 
8 9 10 11 12 13 14 15 16 17 
9 10 11 12 13 14 15 16 17 18 
10 11 12 13 14 15 16 17 18 19 
1 0.5 0.333333 0.25 0.2 0.166667 0.142857 0.125 0.111111 0.1 
0.5 0.333333 0.25 0.2 0.166667 0.142857 0.125 0.111111 0.1 0.0909091 
0.333333 0.25 0.2 0.166667 0.142857 0.125 0.111111 0.1 0.0909091 0.0833333 
0.25 0.2 0.166667 0.142857 0.125 0.111111 0.1 0.0909091 0.0833333 0.0769231 
0.2 0.166667 0.142857 0.125 0.111111 0.1 0.0909091 0.0833333 0.0769231 0.0714286 
0.166667 0.142857 0.125 0.111111 0.1 0.0909091 0.0833333 0.0769231 0.0714286 0.0666667 
0.142857 0.125 0.111111 0.1 0.0909091 0.0833333 0.0769231 0.0714286 0.0666667 0.0625 
0.125 0.111111 0.1 0.0909091 0.0833333 0.0769231 0.0714286 0.0666667 0.0625 0.0588235 
0.111111 0.1 0.0909091 0.0833333 0.0769231 0.0714286 0.0666667 0.0625 0.0588235 0.0555556 
0.1 0.0909091 0.0833333 0.0769231 0.0714286 0.0666667 0.0625 0.0588235 0.0555556 0.0526316 
